0 0 0
  1 416.40
1 216 356
  0 416.40
  2 380.747
2 334 -6
  1 380.747
  3 1199.18
3 1515 202
  2 1199.18
  4 1349.38
4 2684 876
  3 1349.38
  5 1858.98
5 3879 2300
  4 1858.98
  6 1948.85
6 2191 1326
  5 1948.85
  7 2009
  12 2610.144
  13 558.72
7 2191 -683
  6 2009
  8 419.148
8 2048 -1077
  7 419.148
  9 389.801
9 2432 -1010
  8 389.801
  10 509.417
10 2873 -1265
  9 509.417
  11 413.897
11 3286 -523
  10 413.897
  12 1515.36
12 4801 572
  11 1515.36
  6 2610.144
13 1632 1642
  6 558.72
TABLES
7
