0 0 0
  1 3595.53
1 62 3595
  0 3595.53
  2 254.827
2 106 3344
  1 254.827
  3 18688.7
3 11867 -11180
  2 18688.7
  4 2303.13
4 9747 -12080
  3 2303.13
  5 4864.6
5 5762 -9290
  4 4864.6
  6 3327.5
6 8348 -7196
  5 3327.5
  7 4863
7 3485 -7196
  6 4863
  8 1280.64
8 4605 -7817
  7 1280.64
  9 1536.68
9 5936 -8585
  8 1536.68
  10 8960.36
10 1456 -825
  9 8960.36
  11 2815.6
11 4188 -144
  10 2815.6
  12 511.544
12 3839 230
  11 511.544
  13 1024.88
13 4744 -251
  12 1024.88
  14 509.907
14 5098 116
  13 509.907
  15 3084.33
15 3157 2513
  14 3084.33
  16 5376
16 -2219 2513
  15 5376
  17 2814.87
17 219 1106
  16 2814.87
  18 4866.84
18 3892 -2087
  17 4866.84
  19 3091.85
19 3785 -5177
  18 3091.85
  20 6146.58
20 2298 787
  19 6146.58
  21 3587.74
21 4092 -2320
  20 3587.74
  22 4097.84
22 8150 -2890
  21 4097.84
  23 771.202
23 8766 -2426
  22 771.202
  24 3842.77
24 6787 -5720
  23 3842.77
  25 5889.75
25 12526 -7044
  24 5889.75
  26 2559.88
26 15061 -7400
  25 2559.88
  27 2559.18
27 13316 -5528
  26 2559.18
  28 2560.65
28 15577 -4326
  27 2560.65
  29 3841.56
29 16635 -633
  28 3841.56
  30 3331
30 17156 -3923
  29 3331
  31 4866.73
31 12290 -3839
  30 4866.73
  32 2050.39
32 11028 -2223
  31 2050.39
  33 13054.1
33 18138 8725
  32 13054.1
  34 2049
34 18138 10774
  33 2049
  35 2304.46
35 18811 8570
  34 2304.46
  36 2048.18
36 19375 6601
  35 2048.18
  37 1792.11
37 19839 4870
  36 1792.11
  38 2058.4
38 18462 6400
  37 2058.4
  39 5889.77
39 23800 8889
  38 5889.77
  40 2815.79
40 24763 11535
  39 2815.79
  41 4608
41 27136 15485
  40 4608
  42 1535.36
42 28183 14362
  41 1535.36
  43 19967.3
43 45647 4682
  42 19967.3
  44 2559.2
44 45469 7235
  43 2559.2
  45 2817.65
45 48235 6698
  44 2817.65
  46 2819
46 48235 9517
  45 2819
  47 3329.69
47 46934 6452
  46 3329.69
  48 2305.81
48 45960 4362
  47 2305.81
  49 4096.52
49 42564 6653
  48 4096.52
  50 2560.24
50 44525 8299
  49 2560.24
  51 4609.34
51 42015 4433
  50 4609.34
  52 255
52 42015 4688
  51 255
  53 256.02
53 42230 4827
  52 256.02
  54 254.018
54 42473 4901
  53 254.018
  55 257.402
55 42257 5041
  54 257.402
  56 1270.87
56 43298 4312
  55 1270.87
  57 510.898
57 43342 3803
  56 510.898
  58 257.614
58 43400 4054
  57 257.614
  59 1535.33
59 42032 3357
  58 1535.33
  60 2303.22
60 40037 2206
  59 2303.22
  61 3585.1
61 42482 4828
  60 3585.1
  62 2047.59
62 44485 4403
  61 2047.59
  63 4609.41
63 48728 2602
  62 4609.41
  64 2050.73
64 49154 4608
  63 2050.73
  65 4864.96
65 53696 2865
  64 4864.96
  66 3849.15
66 51326 5898
  65 3849.15
  67 4865.82
67 56180 6237
  66 4865.82
  68 3327.25
68 58363 8748
  67 3327.25
  69 4354.25
69 54932 11429
  68 4354.25
  70 3587.54
70 54870 15016
  69 3587.54
  71 4354.24
71 59034 13743
  70 4354.24
  72 254.238
72 58828 13594
  71 254.238
  73 2306.35
73 58788 15900
  72 2306.35
  74 2560.09
74 56717 17405
  73 2560.09
  75 3585.08
75 55316 14105
  74 3585.08
  76 255.721
76 55173 13893
  75 255.721
  77 3586.54
77 51587 13955
  76 3586.54
  78 4097.37
78 48590 11161
  77 4097.37
  79 2559.03
79 46130 11866
  78 2559.03
  80 4609.41
80 44329 16109
  79 4609.41
  81 3331.58
81 41567 14246
  80 3331.58
  82 4609.3
82 37935 11408
  81 4609.3
  83 2558.97
83 40475 11719
  82 2558.97
  84 4353.15
84 39719 16006
  83 4353.15
  85 2570.25
85 41659 17692
  84 2570.25
  86 2048.23
86 43316 16488
  85 2048.23
  87 5121.21
87 47406 13406
  86 5121.21
  88 2815.28
88 50194 13797
  87 2815.28
  89 4353.85
89 49364 18071
  88 4353.85
  90 3075.82
90 49738 21124
  89 3075.82
  91 2560.36
91 51728 22735
  90 2560.36
  92 2561.1
92 49710 24312
  91 2561.1
  93 3841.34
93 49576 28151
  92 3841.34
  94 3328.29
94 52791 27290
  93 3328.29
  95 4354.09
95 53696 31549
  94 4354.09
  96 15866.6
96 50127 47009
  95 15866.6
  97 7681.05
97 44791 52534
  96 7681.05
  98 768.269
98 44277 53105
  97 768.269
  99 3331.61
99 45892 50191
  98 3331.61
  100 4098.44
100 49940 49550
  99 4098.44
  101 3843.76
101 46245 48491
  100 3843.76
  102 5122.9
102 41431 46739
  101 5122.9
  103 254.558
103 41251 46559
  102 254.558
  104 3586.99
104 43831 44067
  103 3586.99
  105 2048.78
105 41827 44493
  104 2048.78
  106 2049.3
106 41862 42444
  105 2049.3
  107 4353.68
107 38576 39588
  106 4353.68
  108 2816.83
108 38380 36778
  107 2816.83
  109 5377.23
109 33677 39385
  108 5377.23
  110 2303.26
110 31463 38750
  109 2303.26
  111 16127.4
111 26213 53999
  110 16127.4
  112 2305.96
112 26613 56270
  111 2305.96
  113 22024.4
113 32313 34996
  112 22024.4
  114 5378.71
114 33614 29777
  113 5378.71
  115 2307.12
115 33734 27473
  114 2307.12
  116 4609.22
116 38037 29125
  115 4609.22
  117 2046.73
117 38869 30995
  116 2046.73
  118 4353.38
118 38339 26674
  117 4353.38
  119 2815.54
119 40072 24455
  118 2815.54
  120 4609.11
120 42164 20348
  119 4609.11
  121 767.328
121 41631 20900
  120 767.328
  122 10495.5
122 42728 31338
  121 10495.5
  123 2815.09
123 43361 28595
  122 2815.09
  124 1280.76
124 42081 28639
  123 1280.76
  125 1278.55
125 41686 27423
  124 1278.55
  126 4355.2
126 42959 23258
  125 4355.2
  127 2560.28
127 41027 24938
  126 2560.28
  128 2561.53
128 39825 22676
  127 2561.53
  129 3328.78
129 41284 19684
  128 3328.78
  130 4096.58
130 41641 23765
  129 4096.58
  131 4098.57
131 42770 27705
  130 4098.57
  132 4340.49
132 47094 27327
  131 4340.49
  133 10496
133 56957 30917
  132 10496
  134 1279.1
134 57046 29641
  133 1279.1
  135 506.675
135 57098 30145
  134 506.675
  136 254.804
136 56860 30236
  135 254.804
  137 3843.09
137 53406 31921
  136 3843.09
  138 4865.59
138 58245 32429
  137 4865.59
  139 3337.17
139 57609 29153
  138 3337.17
  140 5633.34
140 62488 31969
  139 5633.34
  141 511.332
141 62620 32463
  140 511.332
  142 768.459
142 63351 32700
  141 768.459
  143 17664.9
143 46072 36372
  142 17664.9
  144 2816.71
144 48132 34451
  143 2816.71
  145 5633.02
145 51753 38766
  144 5633.02
  146 2815.19
146 49091 37850
  145 2815.19
  147 5633.46
147 54385 35924
  146 5633.46
  148 2821.32
148 52610 38117
  147 2821.32
  149 4866.34
149 48037 39781
  148 4866.34
  150 2818.35
150 47120 42446
  149 2818.35
  151 4609.3
151 50752 39608
  150 4609.3
  152 767.654
152 51514 39701
  151 767.654
  153 3330.11
153 48521 38241
  152 3330.11
  154 5634.87
  174 5114.08
  175 2818.63
154 54125 37652
  153 5634.87
  155 4099.53
155 56358 34214
  154 4099.53
  156 4609.4
156 59259 37796
  155 4609.4
  157 511.752
157 59206 38305
  156 511.752
  158 511.203
158 58798 38613
  157 511.203
  159 256.312
159 58898 38377
  158 256.312
  160 2048.19
160 56865 38128
  159 2048.19
  161 2303.31
161 57225 40403
  160 2303.31
  162 1278.62
162 56066 40943
  161 1278.62
  163 3586.83
163 59290 39371
  162 3586.83
  164 4865.4
164 60954 34799
  163 4865.4
  165 1279.53
165 62114 34259
  164 1279.53
  166 16127.2
166 46107 36224
  165 16127.2
  167 2048.05
167 46874 38123
  166 2048.05
  168 1535.11
168 47474 39536
  167 1535.11
  169 256.453
169 47272 39378
  168 256.453
  170 255.601
170 47068 39224
  169 255.601
  171 256.4
171 47322 39259
  170 256.4
  172 3586.72
172 50882 39696
  171 3586.72
  173 4097.58
173 47168 41427
  172 4097.58
  174 3587.36
174 43797 40200
  173 3587.36
  153 5114.08
175 49058 41008
  153 2818.63
  176 5377.28
176 43733 40260
  175 5377.28
  177 2303.31
177 44093 42535
  176 2303.31
  178 4354.49
178 45582 46627
  177 4354.49
  179 4105.46
179 49464 47963
  178 4105.46
  180 4610.23
180 47090 51915
  179 4610.23
  181 256.223
181 47177 52156
  180 256.223
TABLES
