0 0 0
  1 511.502
1 -315 -403
  0 511.502
  2 22271.2
2 18572 11399
  1 22271.2
  3 2047.46
3 19596 13172
  2 2047.46
  4 767.907
4 19980 13837
  3 767.907
  5 1023.61
5 20964 13555
  4 1023.61
  6 1023.61
6 21948 13273
  5 1023.61
  7 1023.3
7 21436 12387
  6 1023.3
  8 255.049
8 21279 12588
  7 255.049
  9 2046.73
9 19409 13420
  8 2046.73
  10 3838.72
10 15902 14981
  9 3838.72
  11 28416.9
11 -1593 -7412
  10 28416.9
  12 9215.39
12 -10786 -6770
  11 9215.39
  13 15359.3
13 -8119 -21896
  12 15359.3
  14 12030.9
14 2872 -26789
  13 12030.9
  15 2046.73
15 1002 -25957
  14 2046.73
  16 255.812
16 1046 -26209
  15 255.812
  17 767.339
17 574 -25604
  16 767.339
  18 1023.37
18 191 -24655
  17 1023.37
  19 2558.97
19 458 -22110
  18 2558.97
  20 3327.12
20 1704 -25195
  19 3327.12
  21 20479
21 -14864 -37232
  20 20479
  22 7935.8
22 -14588 -45163
  21 7935.8
  23 1790.07
23 -14650 -43374
  22 1790.07
  24 254.804
24 -14895 -43444
  23 254.804
  25 510.134
25 -14396 -43550
  24 510.134
  26 1279.09
26 -13416 -44372
  25 1279.09
  27 255.883
27 -13642 -44492
  26 255.883
  28 769.349
28 -14365 -44229
  27 769.349
  29 1023.37
29 -14748 -43280
  28 1023.37
  30 255.883
30 -14974 -43400
  29 255.883
  31 255.721
31 -14831 -43188
  30 255.721
  32 767.647
32 -15582 -43029
  31 767.647
  33 255
33 -15327 -43029
  32 255
  34 3071.53
34 -12615 -41587
  33 3071.53
  35 25087.9
35 4172 -60231
  34 25087.9
  36 3069.3
36 6882 -58790
  35 3069.3
  37 2047
37 4835 -58790
  36 2047
  38 4606
38 229 -58790
  37 4606
  39 768.625
39 -523 -58631
  38 768.625
  40 253.645
40 -367 -58431
  39 253.645
  41 1023
41 -997 -57625
  40 1023
  42 255.82
42 -885 -57395
  41 255.82
  43 768.742
43 -1438 -57929
  42 768.742
  44 1279.41
44 -1216 -59189
  43 1279.41
  45 255.766
45 -970 -59119
  44 255.766
TABLES
