0 0 0
  1 1999.66
1 1638 1147
  0 1999.66
  2 1999.46
2 3370 2146
  1 1999.46
  3 1999.7
3 4784 3560
  2 1999.7
  4 1999.56
4 6316 4845
  3 1999.56
  5 1999.66
5 7463 6483
  4 1999.66
  6 1999.62
6 8147 8362
  5 1999.62
  7 1999.58
7 8321 10354
  6 1999.58
  8 1999.01
8 8838 12285
  7 1999.01
  9 1999.58
9 8664 14277
  8 1999.58
  10 1999.62
10 9348 16156
  9 1999.62
  11 1899.44
11 10803 17377
  10 1899.44
  12 5499.6
12 14338 21590
  11 5499.6
  13 1999.01
13 16269 21073
  12 1999.01
  14 1999
14 18268 21073
  13 1999
  15 1999.01
15 20199 21590
  14 1999.01
  16 1999.66
16 21837 22737
  15 1999.66
  17 1999.56
17 23122 24269
  16 1999.56
  18 1999.01
18 25053 24786
  17 1999.01
  19 1999.34
19 26865 23941
  18 1999.34
  20 1999.56
20 28397 22656
  19 1999.56
TABLES
12
