0 0 0
  1 1999.58
1 -174 1992
  0 1999.58
  2 1999.62
2 510 3871
  1 1999.62
  3 1999
3 -1489 3871
  2 1999
  4 1999.7
4 -2903 5285
  3 1999.7
  5 1799.26
5 -2591 7057
  4 1799.26
  6 449.72
6 -2909 7375
  5 449.72
  7 1999.34
7 -1097 8220
  6 1999.34
  8 1999.01
8 -580 10151
  7 1999.01
  9 1999.7
9 834 11565
  8 1999.7
  10 1999.62
10 150 13444
  9 1999.62
  11 1999.7
11 -1264 14858
  10 1999.7
  12 1999.34
12 -2109 16670
  11 1999.34
  13 1999.34
13 -1762 18639
  12 1999.34
  14 1999.7
14 -3176 20053
  13 1999.7
  15 1999.58
15 -3350 22045
  14 1999.58
  16 1999.01
16 -2833 23976
  15 1999.01
  17 1999.56
17 -4118 25508
  16 1999.56
  18 1999.56
18 -5650 26793
  17 1999.56
  19 1899.11
19 -7295 27742
  18 1899.11
  20 699.212
20 -7744 27206
  19 699.212
  21 1999.62
21 -7060 29085
  20 1999.62
  22 1999.66
22 -5913 30723
  21 1999.66
  23 2000
23 -5913 32723
  22 2000
  24 1999
24 -7912 32723
  23 1999
  25 1999.96
25 -9644 31723
  24 1999.96
  26 1999.62
26 -11523 31039
  25 1999.62
TABLES
