0 0 0
  1 1999.96
1 1000 1732
  0 1999.96
  2 1999.34
2 2812 2577
  1 1999.34
  3 1999.34
3 4781 2230
  2 1999.34
  4 6099.65
4 10673 3808
  3 6099.65
  5 1999.34
5 10326 1839
  4 1999.34
  6 1999.34
6 9979 -130
  5 1999.34
  7 1999.01
7 10496 -2061
  6 1999.01
  8 1999.58
8 10322 -4053
  7 1999.58
  9 1999.01
9 9805 -5984
  8 1999.01
  10 1999.62
10 9121 -7863
  9 1999.62
  11 1999
11 9121 -9862
  10 1999
  12 1999.58
12 9295 -11854
  11 1999.58
  13 1999
13 9295 -13853
  12 1999
  14 1999.01
14 8778 -15784
  13 1999.01
  15 1999.58
15 8604 -17776
  14 1999.58
  16 1999
16 8604 -19775
  15 1999
  17 1999.62
17 7920 -21654
  16 1999.62
TABLES
